x,y,z
-1.5,-1.5,5.65733e-06
-1.4,-1.5,1.81736e-05
-1.3,-1.5,5.30477e-05
-1.2,-1.5,0.000140976
-1.1,-1.5,0.000341833
-1.0,-1.5,0.000758004
-0.9,-1.5,0.00154089
-0.8,-1.5,0.00287878
-0.7,-1.5,0.00495539
-0.6,-1.5,0.00787884
-0.5,-1.5,0.0115983
-0.4,-1.5,0.0158424
-0.3,-1.5,0.0201174
-0.2,-1.5,0.0237859
-0.1,-1.5,0.0262161
0.0,-1.5,0.0269534
0.1,-1.5,0.0258548
0.2,-1.5,0.0231326
0.3,-1.5,0.0192895
0.4,-1.5,0.0149725
0.5,-1.5,0.0108003
0.6,-1.5,0.00722593
0.7,-1.5,0.00447401
0.8,-1.5,0.00255742
0.9,-1.5,0.00134624
1.0,-1.5,0.000650961
1.1,-1.5,0.000288415
1.2,-1.5,0.000116806
1.3,-1.5,4.31429e-05
1.4,-1.5,1.4502e-05
1.5,-1.5,4.42776e-06
-1.5,-1.4,1.81736e-05
-1.4,-1.4,5.73817e-05
-1.3,-1.4,0.000164592
-1.2,-1.4,0.000429795
-1.1,-1.4,0.00102408
-1.0,-1.4,0.00223206
-0.9,-1.4,0.004462
-0.8,-1.4,0.00820352
-0.7,-1.4,0.0139102
-0.6,-1.4,0.0218138
-0.5,-1.4,0.0317213
-0.4,-1.4,0.0428803
-0.3,-1.4,0.0539994
-0.2,-1.4,0.0634622
-0.1,-1.4,0.0696957
0.0,-1.4,0.0715817
0.1,-1.4,0.0687706
0.2,-1.4,0.0617817
0.3,-1.4,0.0518543
0.4,-1.4,0.0406038
0.5,-1.4,0.0296072
0.6,-1.4,0.0200591
0.7,-1.4,0.0125956
0.8,-1.4,0.00731065
0.9,-1.4,0.00391121
1.0,-1.4,0.00192341
1.1,-1.4,0.000867061
1.2,-1.4,0.000357361
1.3,-1.4,0.000134331
1.4,-1.4,4.59483e-05
1.5,-1.4,1.42724e-05
-1.5,-1.3,5.30477e-05
-1.4,-1.3,0.000164592
-1.3,-1.3,0.000463794
-1.2,-1.3,0.00118955
-1.1,-1.3,0.00278389
-1.0,-1.3,0.0059608
-0.9,-1.3,0.0117108
-0.8,-1.3,0.0211742
-0.7,-1.3,0.0353432
-0.6,-1.3,0.0546287
-0.5,-1.3,0.0784227
-0.4,-1.3,0.10485
-0.3,-1.3,0.130878
-0.2,-1.3,0.15283
-0.1,-1.3,0.167203
0.0,-1.3,0.171539
0.1,-1.3,0.165074
0.2,-1.3,0.148944
0.3,-1.3,0.125878
0.4,-1.3,0.0994861
0.5,-1.3,0.0733746
0.6,-1.3,0.0503739
0.7,-1.3,0.0321011
0.8,-1.3,0.0189315
0.9,-1.3,0.0103005
1.0,-1.3,0.00515472
1.1,-1.3,0.00236552
1.2,-1.3,0.000992634
1.3,-1.3,0.000379877
1.4,-1.3,0.000132262
1.5,-1.3,4.18043e-05
-1.5,-1.2,0.000140976
-1.4,-1.2,0.000429795
-1.3,-1.2,0.00118955
-1.2,-1.2,0.00299592
-1.1,-1.2,0.00688414
-1.0,-1.2,0.0144741
-0.9,-1.2,0.0279325
-0.8,-1.2,0.0496399
-0.7,-1.2,0.0815133
-0.6,-1.2,0.124104
-0.5,-1.2,0.175769
-0.4,-1.2,0.232301
-0.3,-1.2,0.287282
-0.2,-1.2,0.333203
-0.1,-1.2,0.363071
0.0,-1.2,0.372054
0.1,-1.2,0.358657
0.2,-1.2,0.3251
0.3,-1.2,0.276766
0.4,-1.2,0.220888
0.5,-1.2,0.164876
0.6,-1.2,0.114771
0.7,-1.2,0.0742717
0.8,-1.2,0.0445328
0.9,-1.2,0.0246557
1.0,-1.2,0.0125622
1.1,-1.2,0.00587102
1.2,-1.2,0.00250914
1.3,-1.2,0.000977845
1.4,-1.2,0.0003466
1.5,-1.2,0.000111481
-1.5,-1.1,0.000341833
-1.4,-1.1,0.00102408
-1.3,-1.1,0.00278389
-1.2,-1.1,0.00688414
-1.1,-1.1,0.0155286
-1.0,-1.1,0.032051
-0.9,-1.1,0.0607343
-0.8,-1.1,0.106038
-0.7,-1.1,0.171215
-0.6,-1.1,0.256632
-0.5,-1.1,0.358406
-0.4,-1.1,0.468003
-0.3,-1.1,0.573168
-0.2,-1.1,0.660087
-0.1,-1.1,0.716223
0.0,-1.1,0.733046
0.1,-1.1,0.707944
0.2,-1.1,0.644807
0.3,-1.1,0.553152
0.4,-1.1,0.446007
0.5,-1.1,0.337089
0.6,-1.1,0.238047
0.7,-1.1,0.156517
0.8,-1.1,0.0954605
0.9,-1.1,0.0538036
1.0,-1.1,0.0279201
1.1,-1.1,0.0132925
1.2,-1.1,0.00578687
1.3,-1.1,0.00229675
1.4,-1.1,0.000828774
1.5,-1.1,0.000271245
-1.5,-1.0,0.000758004
-1.4,-1.0,0.00223206
-1.3,-1.0,0.0059608
-1.2,-1.0,0.0144741
-1.1,-1.0,0.032051
-1.0,-1.0,0.0649349
-0.9,-1.0,0.1208
-0.8,-1.0,0.20715
-0.7,-1.0,0.328776
-0.6,-1.0,0.484973
-0.5,-1.0,0.667603
-0.4,-1.0,0.860975
-0.3,-1.0,1.04389
-0.2,-1.0,1.19339
-0.1,-1.0,1.2892
0.0,-1.0,1.31781
0.1,-1.0,1.27511
0.2,-1.0,1.16721
0.3,-1.0,1.00926
0.4,-1.0,0.822406
0.5,-1.0,0.629617
0.6,-1.0,0.451244
0.7,-1.0,0.301563
0.8,-1.0,0.187148
0.9,-1.0,0.107407
1.0,-1.0,0.0567763
1.1,-1.0,0.0275378
1.2,-1.0,0.0122118
1.3,-1.0,0.00493546
1.4,-1.0,0.0018127
1.5,-1.0,0.00060351
-1.5,-0.9,0.00154089
-1.4,-0.9,0.004462
-1.3,-0.9,0.0117108
-1.2,-0.9,0.0279325
-1.1,-0.9,0.0607343
-1.0,-0.9,0.1208
-0.9,-0.9,0.220635
-0.8,-0.9,0.371596
-0.7,-0.9,0.579666
-0.6,-0.9,0.841337
-0.5,-0.9,1.14134
-0.4,-0.9,1.45343
-0.3,-0.9,1.74422
-0.2,-0.9,1.97907
-0.1,-0.9,2.12839
0.0,-0.9,2.1728
0.1,-0.9,2.10648
0.2,-0.9,1.93812
0.3,-0.9,1.68946
0.4,-0.9,1.39159
0.5,-0.9,1.0794
0.6,-0.9,0.785274
0.7,-0.9,0.533489
0.8,-0.9,0.336913
0.9,-0.9,0.196892
1.0,-0.9,0.106012
1.1,-0.9,0.0523739
1.2,-0.9,0.0236519
1.3,-0.9,0.00973056
1.4,-0.9,0.00363604
1.5,-0.9,0.00123086
-1.5,-0.8,0.00287878
-1.4,-0.8,0.00820352
-1.3,-0.8,0.0211742
-1.2,-0.8,0.0496399
-1.1,-0.8,0.106038
-1.0,-0.8,0.20715
-0.9,-0.8,0.371596
-0.8,-0.8,0.614845
-0.7,-0.8,0.942848
-0.6,-0.8,1.34665
-0.5,-0.8,1.8004
-0.4,-0.8,2.26388
-0.3,-0.8,2.68903
-0.2,-0.8,3.02819
-0.1,-0.8,3.242
0.0,-0.8,3.30533
0.1,-0.8,3.21071
0.2,-0.8,2.9693
0.3,-0.8,2.60942
0.4,-0.8,2.17266
0.5,-0.8,1.70742
0.6,-0.8,1.26083
0.7,-0.8,0.870653
0.8,-0.8,0.559418
0.9,-0.8,0.332802
1.0,-0.8,0.182449
1.1,-0.8,0.0917684
1.2,-0.8,0.0421798
1.3,-0.8,0.0176535
1.4,-0.8,0.00670681
1.5,-0.8,0.00230674
-1.5,-0.7,0.00495539
-1.4,-0.7,0.0139102
-1.3,-0.7,0.0353432
-1.2,-0.7,0.0815133
-1.1,-0.7,0.171215
-1.0,-0.7,0.328776
-0.9,-0.7,0.579666
-0.8,-0.7,0.942848
-0.7,-0.7,1.42208
-0.6,-0.7,1.99965
-0.5,-0.7,2.63568
-0.4,-0.7,3.27349
-0.3,-0.7,3.84932
-0.2,-0.7,4.30293
-0.1,-0.7,4.58643
0.0,-0.7,4.67005
0.1,-0.7,4.54506
0.2,-0.7,4.22452
0.3,-0.7,3.74214
0.4,-0.7,3.14884
0.5,-0.7,2.50635
0.6,-0.7,1.87789
0.7,-0.7,1.31746
0.8,-0.7,0.860766
0.9,-0.7,0.520945
1.0,-0.7,0.290575
1.1,-0.7,0.148679
1.2,-0.7,0.0694931
1.3,-0.7,0.0295609
1.4,-0.7,0.0114072
1.5,-0.7,0.00398233
-1.5,-0.6,0.00787884
-1.4,-0.6,0.0218138
-1.3,-0.6,0.0546287
-1.2,-0.6,0.124104
-1.1,-0.6,0.256632
-1.0,-0.6,0.484973
-0.9,-0.6,0.841337
-0.8,-0.6,1.34665
-0.7,-0.6,1.99965
-0.6,-0.6,2.7706
-0.5,-0.6,3.60299
-0.4,-0.6,4.42271
-0.3,-0.6,5.15123
-0.2,-0.6,5.71799
-0.1,-0.6,6.06917
0.0,-0.6,6.17231
0.1,-0.6,6.01806
0.2,-0.6,5.62045
0.3,-0.6,5.01641
0.4,-0.6,4.26359
0.5,-0.6,3.435
0.6,-0.6,2.60936
0.7,-0.6,1.85824
0.8,-0.6,1.23334
0.9,-0.6,0.75856
1.0,-0.6,0.430006
1.1,-0.6,0.223559
1.2,-0.6,0.106128
1.3,-0.6,0.045826
1.4,-0.6,0.0179391
1.5,-0.6,0.00634867
-1.5,-0.5,0.0115983
-1.4,-0.5,0.0317213
-1.3,-0.5,0.0784227
-1.2,-0.5,0.175769
-1.1,-0.5,0.358406
-1.0,-0.5,0.667603
-0.9,-0.5,1.14134
-0.8,-0.5,1.8004
-0.7,-0.5,2.63568
-0.6,-0.5,3.60299
-0.5,-0.5,4.62812
-0.4,-0.5,5.62048
-0.3,-0.5,6.48934
-0.2,-0.5,7.15726
-0.1,-0.5,7.56772
0.0,-0.5,7.6878
0.1,-0.5,7.50815
0.2,-0.5,7.0428
0.3,-0.5,6.32944
0.4,-0.5,5.42911
0.5,-0.5,4.42272
0.6,-0.5,3.40219
0.7,-0.5,2.45615
0.8,-0.5,1.65369
0.9,-0.5,1.03207
1.0,-0.5,0.593661
1.1,-0.5,0.313107
1.2,-0.5,0.150723
1.3,-0.5,0.0659591
1.4,-0.5,0.0261521
1.5,-0.5,0.00936791
-1.5,-0.4,0.0158424
-1.4,-0.4,0.0428803
-1.3,-0.4,0.10485
-1.2,-0.4,0.232301
-1.1,-0.4,0.468003
-1.0,-0.4,0.860975
-0.9,-0.4,1.45343
-0.8,-0.4,2.26388
-0.7,-0.4,3.27349
-0.6,-0.4,4.42271
-0.5,-0.4,5.62048
-0.4,-0.4,6.76216
-0.3,-0.4,7.74835
-0.2,-0.4,8.49831
-0.1,-0.4,8.95578
0.0,-0.4,9.08912
0.1,-0.4,8.88954
0.2,-0.4,8.37028
0.3,-0.4,7.56776
0.4,-0.4,6.54329
0.5,-0.4,5.38203
0.6,-0.4,4.18575
0.7,-0.4,3.05795
0.8,-0.4,2.08465
0.9,-0.4,1.31762
1.0,-0.4,0.767541
1.1,-0.4,0.409853
1.2,-0.4,0.199669
1.3,-0.4,0.0883851
1.4,-0.4,0.0354272
1.5,-0.4,0.0128216
-1.5,-0.3,0.0201174
-1.4,-0.3,0.0539994
-1.3,-0.3,0.130878
-1.2,-0.3,0.287282
-1.1,-0.3,0.573168
-1.0,-0.3,1.04389
-0.9,-0.3,1.74422
-0.8,-0.3,2.68903
-0.7,-0.3,3.84932
-0.6,-0.3,5.15123
-0.5,-0.3,6.48934
-0.4,-0.3,7.74835
-0.3,-0.3,8.82361
-0.2,-0.3,9.63393
-0.1,-0.3,10.1251
0.0,-0.3,10.2679
0.1,-0.3,10.0542
0.2,-0.3,9.49604
0.3,-0.3,8.62755
0.4,-0.3,7.50818
0.5,-0.3,6.2244
0.6,-0.3,4.88429
0.7,-0.3,3.60299
0.8,-0.3,2.48121
0.9,-0.3,1.58449
1.0,-0.3,0.932499
1.1,-0.3,0.502943
1.2,-0.3,0.247395
1.3,-0.3,0.110525
1.4,-0.3,0.0446899
1.5,-0.3,0.0163076
-1.5,-0.2,0.0237859
-1.4,-0.2,0.0634622
-1.3,-0.2,0.15283
-1.2,-0.2,0.333203
-1.1,-0.2,0.660087
-1.0,-0.2,1.19339
-0.9,-0.2,1.97907
-0.8,-0.2,3.02819
-0.7,-0.2,4.30293
-0.6,-0.2,5.71799
-0.5,-0.2,7.15726
-0.4,-0.2,8.49831
-0.3,-0.2,9.63393
-0.2,-0.2,10.4839
-0.1,-0.2,10.9967
0.0,-0.2,11.1454
0.1,-0.2,10.9228
0.2,-0.2,10.3396
0.3,-0.2,9.42752
0.4,-0.2,8.24345
0.5,-0.2,6.87345
0.6,-0.2,5.42907
0.7,-0.2,4.03344
0.8,-0.2,2.79836
0.9,-0.2,1.80056
1.0,-0.2,1.06763
1.1,-0.2,0.580049
1.2,-0.2,0.287337
1.3,-0.2,0.129232
1.4,-0.2,0.0525864
1.5,-0.2,0.0193038
-1.5,-0.1,0.0262161
-1.4,-0.1,0.0696957
-1.3,-0.1,0.167203
-1.2,-0.1,0.363071
-1.1,-0.1,0.716223
-1.0,-0.1,1.2892
-0.9,-0.1,2.12839
-0.8,-0.1,3.242
-0.7,-0.1,4.58643
-0.6,-0.1,6.06917
-0.5,-0.1,7.56772
-0.4,-0.1,8.95578
-0.3,-0.1,10.1251
-0.2,-0.1,10.9967
-0.1,-0.1,11.5211
0.0,-0.1,11.673
0.1,-0.1,11.4456
0.2,-0.1,10.849
0.3,-0.1,9.913
0.4,-0.1,8.69259
0.5,-0.1,7.27296
0.6,-0.1,5.76721
0.7,-0.1,4.30293
0.8,-0.1,2.99864
0.9,-0.1,1.93816
1.0,-0.1,1.15437
1.1,-0.1,0.62992
1.2,-0.1,0.313352
1.3,-0.1,0.141496
1.4,-0.1,0.0577941
1.5,-0.1,0.0212908
-1.5,0.0,0.0269534
-1.4,0.0,0.0715817
-1.3,0.0,0.171539
-1.2,0.0,0.372054
-1.1,0.0,0.733046
-1.0,0.0,1.31781
-0.9,0.0,2.1728
-0.8,0.0,3.30533
-0.7,0.0,4.67005
-0.6,0.0,6.17231
-0.5,0.0,7.6878
-0.4,0.0,9.08912
-0.3,0.0,10.2679
-0.2,0.0,11.1454
-0.1,0.0,11.673
0.0,0.0,11.8256
0.1,0.0,11.5969
0.2,0.0,10.9967
0.3,0.0,10.0541
0.4,0.0,8.82359
0.5,0.0,7.38993
0.6,0.0,5.86661
0.7,0.0,4.38248
0.8,0.0,3.05801
0.9,0.0,1.97912
1.0,0.0,1.18029
1.1,0.0,0.644877
1.2,0.0,0.321181
1.3,0.0,0.145198
1.4,0.0,0.0593706
1.5,0.0,0.0218939
-1.5,0.1,0.0258548
-1.4,0.1,0.0687706
-1.3,0.1,0.165074
-1.2,0.1,0.358657
-1.1,0.1,0.707944
-1.0,0.1,1.27511
-0.9,0.1,2.10648
-0.8,0.1,3.21071
-0.7,0.1,4.54506
-0.6,0.1,6.01806
-0.5,0.1,7.50815
-0.4,0.1,8.88954
-0.3,0.1,10.0542
-0.2,0.1,10.9228
-0.1,0.1,11.4456
0.0,0.1,11.5969
0.1,0.1,11.3702
0.2,0.1,10.7755
0.3,0.1,9.84282
0.4,0.1,8.62753
0.5,0.1,7.21495
0.6,0.1,5.71798
0.7,0.1,4.26358
0.8,0.1,2.96932
0.9,0.1,1.91796
1.0,0.1,1.14161
1.1,0.1,0.622562
1.2,0.1,0.309506
1.3,0.1,0.139679
1.4,0.1,0.057021
1.5,0.1,0.0209953
-1.5,0.2,0.0231326
-1.4,0.2,0.0617817
-1.3,0.2,0.148944
-1.2,0.2,0.3251
-1.1,0.2,0.644807
-1.0,0.2,1.16721
-0.9,0.2,1.93812
-0.8,0.2,2.9693
-0.7,0.2,4.22452
-0.6,0.2,5.62045
-0.5,0.2,7.0428
-0.4,0.2,8.37028
-0.3,0.2,9.49604
-0.2,0.2,10.3396
-0.1,0.2,10.849
0.0,0.2,10.9967
0.1,0.2,10.7755
0.2,0.2,10.1964
0.3,0.2,9.29131
0.4,0.2,8.11784
0.5,0.2,6.76213
0.6,0.2,5.33523
0.7,0.2,3.95897
0.8,0.2,2.74324
0.9,0.2,1.76285
1.0,0.2,1.04395
1.1,0.2,0.566484
1.2,0.2,0.280285
1.3,0.2,0.125918
1.4,0.2,0.0511833
1.5,0.2,0.0187699
-1.5,0.3,0.0192895
-1.4,0.3,0.0518543
-1.3,0.3,0.125878
-1.2,0.3,0.276766
-1.1,0.3,0.553152
-1.0,0.3,1.00926
-0.9,0.3,1.68946
-0.8,0.3,2.60942
-0.7,0.3,3.74214
-0.6,0.3,5.01641
-0.5,0.3,6.32944
-0.4,0.3,7.56776
-0.3,0.3,8.62755
-0.2,0.3,9.42752
-0.1,0.3,9.913
0.0,0.3,10.0541
0.1,0.3,9.84282
0.2,0.3,9.29131
0.3,0.3,8.43416
0.4,0.3,7.33133
0.5,0.3,6.0692
0.6,0.3,4.75487
0.7,0.3,3.50142
0.8,0.3,2.40688
0.9,0.3,1.53418
1.0,0.3,0.901232
1.1,0.3,0.485208
1.2,0.3,0.238259
1.3,0.3,0.106268
1.4,0.3,0.0429016
1.5,0.3,0.015632
-1.5,0.4,0.0149725
-1.4,0.4,0.0406038
-1.3,0.4,0.0994861
-1.2,0.4,0.220888
-1.1,0.4,0.446007
-1.0,0.4,0.822406
-0.9,0.4,1.39159
-0.8,0.4,2.17266
-0.7,0.4,3.14884
-0.6,0.4,4.26359
-0.5,0.4,5.42911
-0.4,0.4,6.54329
-0.3,0.4,7.50818
-0.2,0.4,8.24345
-0.1,0.4,8.69259
0.0,0.4,8.82359
0.1,0.4,8.62753
0.2,0.4,8.11784
0.3,0.4,7.33133
0.4,0.4,6.32945
0.5,0.4,5.1968
0.6,0.4,4.03344
0.7,0.4,2.94017
0.8,0.4,1.99972
0.9,0.4,1.26096
1.0,0.4,0.732815
1.1,0.4,0.390413
1.2,0.4,0.189777
1.3,0.4,0.0838284
1.4,0.4,0.0335332
1.5,0.4,0.0121131
-1.5,0.5,0.0108003
-1.4,0.5,0.0296072
-1.3,0.5,0.0733746
-1.2,0.5,0.164876
-1.1,0.5,0.337089
-1.0,0.5,0.629617
-0.9,0.5,1.0794
-0.8,0.5,1.70742
-0.7,0.5,2.50635
-0.6,0.5,3.435
-0.5,0.5,4.42272
-0.4,0.5,5.38203
-0.3,0.5,6.2244
-0.2,0.5,6.87345
-0.1,0.5,7.27296
0.0,0.5,7.38993
0.1,0.5,7.21495
0.2,0.5,6.76213
0.3,0.5,6.0692
0.4,0.5,5.1968
0.5,0.5,4.22453
0.6,0.5,3.24194
0.7,0.5,2.33438
0.8,0.5,1.56743
0.9,0.5,0.975513
1.0,0.5,0.559573
1.1,0.5,0.294325
1.2,0.5,0.141309
1.3,0.5,0.0616826
1.4,0.5,0.0243976
1.5,0.5,0.0087195
-1.5,0.6,0.00722593
-1.4,0.6,0.0200591
-1.3,0.6,0.0503739
-1.2,0.6,0.114771
-1.1,0.6,0.238047
-1.0,0.6,0.451244
-0.9,0.6,0.785274
-0.8,0.6,1.26083
-0.7,0.6,1.87789
-0.6,0.6,2.60936
-0.5,0.6,3.40219
-0.4,0.6,4.18575
-0.3,0.6,4.88429
-0.2,0.6,5.42907
-0.1,0.6,5.76721
0.0,0.6,5.86661
0.1,0.6,5.71798
0.2,0.6,5.33523
0.3,0.6,4.75487
0.4,0.6,4.03344
0.5,0.6,3.24194
0.6,0.6,2.45614
0.7,0.6,1.74406
0.8,0.6,1.15403
0.9,0.6,0.70757
1.0,0.6,0.399851
1.1,0.6,0.207244
1.2,0.6,0.0980889
1.3,0.6,0.0422329
1.4,0.6,0.0164871
1.5,0.6,0.00581958
-1.5,0.7,0.00447401
-1.4,0.7,0.0125956
-1.3,0.7,0.0321011
-1.2,0.7,0.0742717
-1.1,0.7,0.156517
-1.0,0.7,0.301563
-0.9,0.7,0.533489
-0.8,0.7,0.870653
-0.7,0.7,1.31746
-0.6,0.7,1.85824
-0.5,0.7,2.45615
-0.4,0.7,3.05795
-0.3,0.7,3.60299
-0.2,0.7,4.03344
-0.1,0.7,4.30293
0.0,0.7,4.38248
0.1,0.7,4.26358
0.2,0.7,3.95897
0.3,0.7,3.50142
0.4,0.7,2.94017
0.5,0.7,2.33438
0.6,0.7,1.74406
0.7,0.7,1.21977
0.8,0.7,0.794328
0.9,0.7,0.479122
1.0,0.7,0.266344
1.1,0.7,0.135826
1.2,0.7,0.0632786
1.3,0.7,0.0268325
1.4,0.7,0.0103231
1.5,0.7,0.00359344
-1.5,0.8,0.00255742
-1.4,0.8,0.00731065
-1.3,0.8,0.0189315
-1.2,0.8,0.0445328
-1.1,0.8,0.0954605
-1.0,0.8,0.187148
-0.9,0.8,0.336913
-0.8,0.8,0.559418
-0.7,0.8,0.860766
-0.6,0.8,1.23334
-0.5,0.8,1.65369
-0.4,0.8,2.08465
-0.3,0.8,2.48121
-0.2,0.8,2.79836
-0.1,0.8,2.99864
0.0,0.8,3.05801
0.1,0.8,2.96932
0.2,0.8,2.74324
0.3,0.8,2.40688
0.4,0.8,1.99972
0.5,0.8,1.56743
0.6,0.8,1.15403
0.7,0.8,0.794328
0.8,0.8,0.508634
0.9,0.8,0.301526
1.0,0.8,0.164715
1.1,0.8,0.0825564
1.2,0.8,0.0378143
1.3,0.8,0.0157731
1.4,0.8,0.00597303
1.5,0.8,0.00204799
-1.5,0.9,0.00134624
-1.4,0.9,0.00391121
-1.3,0.9,0.0103005
-1.2,0.9,0.0246557
-1.1,0.9,0.0538036
-1.0,0.9,0.107407
-0.9,0.9,0.196892
-0.8,0.9,0.332802
-0.7,0.9,0.520945
-0.6,0.9,0.75856
-0.5,0.9,1.03207
-0.4,0.9,1.31762
-0.3,0.9,1.58449
-0.2,0.9,1.80056
-0.1,0.9,1.93816
0.0,0.9,1.97912
0.1,0.9,1.91796
0.2,0.9,1.76285
0.3,0.9,1.53418
0.4,0.9,1.26096
0.5,0.9,0.975513
0.6,0.9,0.70757
0.7,0.9,0.479122
0.8,0.9,0.301526
0.9,0.9,0.175577
1.0,0.9,0.0941901
1.1,0.9,0.0463635
1.2,0.9,0.0208623
1.3,0.9,0.00855278
1.4,0.9,0.00318507
1.5,0.9,0.00107467
-1.5,1.0,0.000650961
-1.4,1.0,0.00192341
-1.3,1.0,0.00515472
-1.2,1.0,0.0125622
-1.1,1.0,0.0279201
-1.0,1.0,0.0567763
-0.9,1.0,0.106012
-0.8,1.0,0.182449
-0.7,1.0,0.290575
-0.6,1.0,0.430006
-0.5,1.0,0.593661
-0.4,1.0,0.767541
-0.3,1.0,0.932499
-0.2,1.0,1.06763
-0.1,1.0,1.15437
0.0,1.0,1.18029
0.1,1.0,1.14161
0.2,1.0,1.04395
0.3,1.0,0.901232
0.4,1.0,0.732815
0.5,1.0,0.559573
0.6,1.0,0.399851
0.7,1.0,0.266344
0.8,1.0,0.164715
0.9,1.0,0.0941901
1.0,1.0,0.0496059
1.1,1.0,0.0239708
1.2,1.0,0.010591
1.3,1.0,0.00426499
1.4,1.0,0.00156096
1.5,1.0,0.000517938
-1.5,1.1,0.000288415
-1.4,1.1,0.000867061
-1.3,1.1,0.00236552
-1.2,1.1,0.00587102
-1.1,1.1,0.0132925
-1.0,1.1,0.0275378
-0.9,1.1,0.0523739
-0.8,1.1,0.0917684
-0.7,1.1,0.148679
-0.6,1.1,0.223559
-0.5,1.1,0.313107
-0.4,1.1,0.409853
-0.3,1.1,0.502943
-0.2,1.1,0.580049
-0.1,1.1,0.62992
0.0,1.1,0.644877
0.1,1.1,0.622562
0.2,1.1,0.566484
0.3,1.1,0.485208
0.4,1.1,0.390413
0.5,1.1,0.294325
0.6,1.1,0.207244
0.7,1.1,0.135826
0.8,1.1,0.0825564
0.9,1.1,0.0463635
1.0,1.1,0.0239708
1.1,1.1,0.0113699
1.2,1.1,0.0049316
1.3,1.1,0.00195018
1.4,1.1,0.000701209
1.5,1.1,0.000228702
-1.5,1.2,0.000116806
-1.4,1.2,0.000357361
-1.3,1.2,0.000992634
-1.2,1.2,0.00250914
-1.1,1.2,0.00578687
-1.0,1.2,0.0122118
-0.9,1.2,0.0236519
-0.8,1.2,0.0421798
-0.7,1.2,0.0694931
-0.6,1.2,0.106128
-0.5,1.2,0.150723
-0.4,1.2,0.199669
-0.3,1.2,0.247395
-0.2,1.2,0.287337
-0.1,1.2,0.313352
0.0,1.2,0.321181
0.1,1.2,0.309506
0.2,1.2,0.280285
0.3,1.2,0.238259
0.4,1.2,0.189777
0.5,1.2,0.141309
0.6,1.2,0.0980889
0.7,1.2,0.0632786
0.8,1.2,0.0378143
0.9,1.2,0.0208623
1.0,1.2,0.010591
1.1,1.2,0.0049316
1.2,1.2,0.00209991
1.3,1.2,0.000815384
1.4,1.2,0.000287982
1.5,1.2,9.23044e-05
-1.5,1.3,4.31429e-05
-1.4,1.3,0.000134331
-1.3,1.3,0.000379877
-1.2,1.3,0.000977845
-1.1,1.3,0.00229675
-1.0,1.3,0.00493546
-0.9,1.3,0.00973056
-0.8,1.3,0.0176535
-0.7,1.3,0.0295609
-0.6,1.3,0.045826
-0.5,1.3,0.0659591
-0.4,1.3,0.0883851
-0.3,1.3,0.110525
-0.2,1.3,0.129232
-0.1,1.3,0.141496
0.0,1.3,0.145198
0.1,1.3,0.139679
0.2,1.3,0.125918
0.3,1.3,0.106268
0.4,1.3,0.0838284
0.5,1.3,0.0616826
0.6,1.3,0.0422329
0.7,1.3,0.0268325
0.8,1.3,0.0157731
0.9,1.3,0.00855278
1.0,1.3,0.00426499
1.1,1.3,0.00195018
1.2,1.3,0.000815384
1.3,1.3,0.00031092
1.4,1.3,0.000107869
1.5,1.3,3.39753e-05
-1.5,1.4,1.4502e-05
-1.4,1.4,4.59483e-05
-1.3,1.4,0.000132262
-1.2,1.4,0.0003466
-1.1,1.4,0.000828774
-1.0,1.4,0.0018127
-0.9,1.4,0.00363604
-0.8,1.4,0.00670681
-0.7,1.4,0.0114072
-0.6,1.4,0.0179391
-0.5,1.4,0.0261521
-0.4,1.4,0.0354272
-0.3,1.4,0.0446899
-0.2,1.4,0.0525864
-0.1,1.4,0.0577941
0.0,1.4,0.0593706
0.1,1.4,0.057021
0.2,1.4,0.0511833
0.3,1.4,0.0429016
0.4,1.4,0.0335332
0.5,1.4,0.0243976
0.6,1.4,0.0164871
0.7,1.4,0.0103231
0.8,1.4,0.00597303
0.9,1.4,0.00318507
1.0,1.4,0.00156096
1.1,1.4,0.000701209
1.2,1.4,0.000287982
1.3,1.4,0.000107869
1.4,1.4,3.67674e-05
1.5,1.4,1.13812e-05
-1.5,1.5,4.42776e-06
-1.4,1.5,1.42724e-05
-1.3,1.5,4.18043e-05
-1.2,1.5,0.000111481
-1.1,1.5,0.000271245
-1.0,1.5,0.00060351
-0.9,1.5,0.00123086
-0.8,1.5,0.00230674
-0.7,1.5,0.00398233
-0.6,1.5,0.00634867
-0.5,1.5,0.00936791
-0.4,1.5,0.0128216
-0.3,1.5,0.0163076
-0.2,1.5,0.0193038
-0.1,1.5,0.0212908
0.0,1.5,0.0218939
0.1,1.5,0.0209953
0.2,1.5,0.0187699
0.3,1.5,0.015632
0.4,1.5,0.0121131
0.5,1.5,0.0087195
0.6,1.5,0.00581958
0.7,1.5,0.00359344
0.8,1.5,0.00204799
0.9,1.5,0.00107467
1.0,1.5,0.000517938
1.1,1.5,0.000228702
1.2,1.5,9.23044e-05
1.3,1.5,3.39753e-05
1.4,1.5,1.13812e-05
1.5,1.5,3.46308e-06
